100    29143      58657     89948     226767    27996
200    122455     170637    262115    625661    117137
300    362897     353942    587931    1338433   202749
400    496566     433652    624860    1360509   259490
500    1032575    865913    1271480   2250282   471654
600    1330485    882442    1347800   2908964   703503
700    1671731    915306    1456648   2918128   625540
800    1859387    973266    1447209   3046833   606000
900    1737590    719238    1264848   2147243   531973
1000   2237660    827302    1184854   2004653   569116
1100   1874314    633549    1028279   1672403   475462
1200   2367201    744185    1073445   1962104   522128
1300   2628534    833455    1238391   2090133   578288
1400   2675695    749278    1156087   1959215   541327
1500   3679772    959938    1468265   2431660   728806
1600   3658659    859496    1381683   2117172   670035
1700   3966455    853210    1514375   2407170   726428
1800   4360557    970099    1566913   2390490   733000
1900   4684818    1073521   1627459   2612999   772680
2000   5739897    1215790   1745476   2758046   873131
2100   5546154    1039656   1745366   2683990   903614
2200   6718730    1288978   2030090   3083693   969195
2300   7627986    1427880   2205853   3468328   1070299
2400   8075737    1446027   2140049   3256419   1054602
2500   8553114    1314546   2193254   3233955   1130601
2600   10579634   1823839   2857915   4419650   1399176
2700   11235544   1831913   3266247   4715249   1472490
2800   10658176   1664106   2726356   4125005   1397441
2900   13367104   1989207   3071684   4317103   1464624
3000   12672120   1870417   2939101   4364416   1475098
3100   14390952   2257983   3143304   4882410   1534979
3200   13976192   1892063   3189244   4891162   1573641
3300   16895275   2009293   3363786   4943484   1671156
3400   16810121   2298174   3488939   5193107   1707347
3500   17367754   2315401   3668806   5253471   1674118
3600   19533386   2633345   3558309   5346918   1815279
3700   21619970   2769297   3936439   6010790   1872078
3800   24071121   3131479   4448991   6518551   2114173
3900   24824384   2835864   4597784   6325772   2220919
4000   25186955   2740827   4092614   5847059   2062821
4100   27830585   2946937   4903445   6681676   2302842
4200   30236546   3103046   5356162   7349013   2715451
4300   30043136   2822262   4734245   6915400   2275740
4400   33351077   3577905   5437368   8245322   2767113
4500   30406027   3151973   5165465   7669743   2607467
4600   38687265   3614189   5897870   9039100   2853050
4700   38412938   4061008   6458054   9419274   3339966
4800   32527491   3228236   5771177   7773605   2828191
4900   34351163   3293806   5081532   7630948   2554398
5000   40696137   3600954   6034786   8154424   2962899
5100   43014292   3716686   6549054   8437861   3032670
5200   32778890   3066101   4632390   6773691   2436294
5300   22588129   1999072   3131767   4364273   1570313
5400   25080902   2157108   3334631   4719229   1699988
5500   25846123   2163679   3437756   4907560   1723934
5600   27518291   2239418   3557460   5021945   1766673
5700   28076396   2283155   3545441   5132239   1798703
5800   28606395   2285759   3630106   5090061   1818139
5900   30178322   2396018   3753656   5264169   1894563
6000   30808743   2454644   3786655   5390576   1880973
6100   31922778   2524483   3925751   5543747   1970537
6200   32912829   2503608   3950570   5391913   1973114
6300   34111141   2573634   4072764   5521109   2033791
6400   34683926   2584768   4067724   5540226   2045195
6500   36533341   2656931   4113483   5697497   2094014
6600   37456604   2762272   4206196   5869780   2157327
6700   38550819   2733321   4275861   5938264   2166687
6800   40747703   2782388   4318354   6047842   2186850
6900   40683045   2815021   4437593   6007149   2202332
7000   42009602   2886025   4492491   6119920   2268630
7100   43090990   2930899   4559171   6156296   2301842
7200   43802306   2964999   4650560   6390577   2358167
7300   45046706   2948733   4627493   6230923   2353240
7400   46372147   3026642   4723666   6322260   2420001
7500   47694411   3093977   4822733   6460982   2440745
7600   49242001   3254048   4933390   6651297   2533789
7700   50325204   3226542   4988245   6699420   2493882
7800   51638699   3186440   5002023   6641097   2540916
7900   52669714   3238492   5092980   6734254   2625362
8000   54867359   3332381   5148577   6931619   2638904
8100   55901457   3335868   5256004   6942405   2647305
8200   56905134   3419353   5310844   6959829   2719641
8300   58351635   3451409   5334111   7175770   2725018
8400   59632109   3495565   5438441   7264883   2790879
8500   61157938   3496082   5509863   7255687   2781808
8600   63227281   3618630   5534958   7465403   2859728
8700   64236206   3663857   5680489   7466463   2929099
8800   65938968   3732175   5719801   7732413   2915787
8900   67422938   3742470   5852735   7732827   3039406
9000   69059164   3753153   5907282   7830628   3014743
9100   70179027   3849455   5950201   7882940   3029733
9200   72558091   3772544   6114919   7966753   3084532
9300   75341975   4139497   6494823   8559416   3274455
9400   75492183   3887100   6263811   8201316   3241163
9500   76298187   3956491   6233176   8239423   3142662
9600   78239271   4082216   6352378   8542776   3207060
9700   80521012   4146117   6447284   8495381   3269007
9800   81649962   4104369   6403496   8608295   3246952
9900   82734950 4184241   6522098   8778276   3315351
